5  5
5.1086           5
5.5107           5
6.1766           5
7.0079           5
7.8387           5
8.6967           5
9.5546           5
10.4136            5
11.2938            5
12.1727            5
13.0539            5
14.5739            5
14.6918            5
15.04            5
15.8538            5
16.1569            5
16.414            5
16.4596            5
16.4605      5.10864
16.4615      5.47384
16.4639      5.99377
16.4659      6.66792
16.4688      7.44877
16.4736      8.98282
4.8584      4.9205
